import numpy as np
import pandas as pd
import random

# Create a sample NumPy array
# this random sample function will take random sample from the trajectory based on their groundtruth, no it should from HT instead of groundtruth
# Specify the filename
filename = "masking.csv"
full_data_path='/home/USER/Documents/python scripts/SocialVAE/data/MOT212HT/test/pred2HTmasked.csv'
data = pd.read_csv(full_data_path, sep='\t', index_col=False, header=None)

data.columns = ['frame_id', 'track_id', 'pos_x', 'pos_y']
columns_to_convert = ['frame_id', 'track_id']
data[columns_to_convert] = data[columns_to_convert].astype(int)
datapeds=data.values
prevval=[]
consid=0
total=len(datapeds)
uniqueID=np.unique(datapeds[:,1])
nsample=int(len(uniqueID)*(50/100))
getsample=random.sample(sorted(uniqueID), k=nsample)
print('sample:',len(getsample))
print('the data:',len(uniqueID))
print('before sample',len(datapeds))
df_filtered = data[data['track_id'].isin(np.array(getsample))]
df_filtered['track_id'] = df_filtered['track_id'].astype(int)
print('data sample',len(df_filtered))
print(df_filtered.values[1])
  # Specify the columns to convert
np.savetxt("testRandompred02.csv", df_filtered, delimiter="\t")
tensor([[[  -32.3042,   -30.7860,   -30.2742,   -29.9038,   -26.9413,
            -26.4886,   -24.7078,   -23.5968,   -22.8581,   -22.5833,
            -21.6622,   -22.4646],
         [ 1005.3857,  1005.8538,  1006.2817,  1007.0275,  1006.4972,
           1007.8154,  1007.1768,  1005.7672,  1005.7672,  1005.7672,
           1005.7672,  1005.7672],
         [  539.2219,   539.2219,   539.2219,   539.2219,   538.7351,
            538.7351,   538.7351,   538.7351,   538.7351,   538.7351,
            538.7351,   538.7351],
         [-1013.4540, -1010.7731, -1010.5708, -1003.6586, -1001.8557,
           -998.8079,  -997.0869,  -994.6998,  -992.6652,  -991.6195,
           -991.4028,  -991.4028],
         [ 1131.0508,  1131.6660,  1133.7697,  1133.2468,  1133.3058,
           1133.3058,  1133.3058,  1133.3058,  1133.3058,  1133.3058,
           1133.3058,  1133.3058],
         [-1212.0952, -1211.9591, -1212.4052, -1212.7616, -1212.2570,
          -1212.8716, -1212.7887, -1212.7887, -1212.7887, -1212.7887,
          -1212.7887, -1212.7887],
         [  183.4182,   184.4297,   183.9054,   185.0849,   185.8928,
            186.4051,   187.4534,   188.4830,   188.7618,   188.5589,
            187.6449,   188.4160],
         [ 1015.1043,  1015.5559,  1015.1794,  1014.9037,  1014.6296,
           1014.2856,  1013.5471,  1011.7473,  1011.1086,  1011.5342,
           1012.8235,  1014.2385],
         [-1125.5302, -1123.9469, -1125.9813, -1125.0327, -1123.8612,
          -1121.8191, -1121.2799, -1119.1158, -1117.2738, -1115.5400,
          -1114.0902, -1114.1162],
         [ -706.0494,  -706.1127,  -706.6459,  -706.5902,  -706.5499,
           -706.6171,  -706.8186,  -706.4480,  -706.6190,  -706.6453,
           -707.2040,  -707.5004],
         [ -112.8998,  -116.0677,  -118.9412,  -121.5971,  -121.3943,
           -122.0449,  -121.7650,  -121.6092,  -121.2240,  -120.5867,
           -121.5258,  -120.7364],
         [  939.8613,   939.8613,   939.8613,   939.8613,   939.8613,
            939.8613,   941.6238,   940.7892,   942.0208,   945.1602,
            946.7357,   948.2741],
         [ 1101.4178,  1101.9606,  1101.2544,  1101.0995,  1101.6855,
           1101.5569,  1102.2572,  1102.5803,  1102.9635,  1102.5541,
           1102.9198,  1103.0032],
         [  240.4926,   239.9856,   239.3942,   238.1420,   236.6640,
            235.0841,   232.0887,   231.0811,   232.0819,   232.8904,
            233.1037,   233.1037],
         [ -497.7386,  -497.9659,  -498.1232,  -498.2021,  -498.4374,
           -498.5545,  -498.5425,  -498.4070,  -496.9070,  -497.3866,
           -497.3866,  -497.3866],
         [ -533.1157,  -532.9476,  -532.7976,  -531.7733,  -534.2061,
           -535.1735,  -537.6888,  -536.4132,  -538.6544,  -538.6459,
           -538.8246,  -539.3873]],

        [[ 1367.0206,  1369.8480,  1372.4821,  1373.1117,  1378.4221,
           1382.7961,  1385.7762,  1387.2906,  1390.7339,  1393.9130,
           1397.7240,  1400.6873],
         [  -56.2797,   -54.1475,   -55.2717,   -55.0978,   -53.2335,
            -53.1659,   -53.8875,   -55.0106,   -55.0106,   -55.0106,
            -55.0106,   -55.0106],
         [  783.3109,   783.3109,   783.3109,   783.3109,   784.1072,
            784.1072,   784.1072,   784.1072,   784.1072,   784.1072,
            784.1072,   784.1072],
         [ -233.6203,  -227.4250,  -224.6395,  -215.2232,  -210.0668,
           -206.6911,  -200.4430,  -194.7960,  -186.6283,  -180.7514,
           -174.2749,  -174.2749],
         [ 1083.7987,  1082.7917,  1085.0269,  1084.7366,  1085.0527,
           1085.0527,  1085.0527,  1085.0527,  1085.0527,  1085.0527,
           1085.0527,  1085.0527],
         [  -19.0343,   -19.2331,   -19.0414,   -18.0480,   -18.8660,
            -18.8771,   -18.9091,   -18.9091,   -18.9091,   -18.9091,
            -18.9091,   -18.9091],
         [  976.9446,   977.9765,   977.9749,   979.9451,   982.8057,
            983.6229,   985.3279,   986.5725,   988.2756,   991.4653,
            992.7289,   993.4736],
         [  957.1037,   957.6970,   957.6235,   958.2594,   960.5234,
            961.7739,   960.0627,   956.4679,   956.6492,   958.5038,
            960.1772,   962.3171],
         [  228.2294,   222.9554,   221.3414,   219.5547,   215.7108,
            211.6642,   211.1567,   209.0348,   206.8539,   199.9578,
            196.8132,   192.8858],
         [ 1531.4083,  1531.0996,  1530.1816,  1529.7850,  1529.4703,
           1528.8757,  1528.4531,  1527.8733,  1527.5861,  1527.2212,
           1526.1185,  1526.2823],
         [-1400.5371, -1404.0767, -1406.0580, -1408.6553, -1409.8582,
          -1411.9095, -1413.2256, -1413.7073, -1415.1104, -1415.4578,
          -1416.7501, -1418.2117],
         [ -576.7856,  -576.7856,  -576.7856,  -576.7856,  -576.7856,
           -576.7856,  -574.5754,  -572.1194,  -572.7472,  -573.9732,
           -574.5703,  -576.2644],
         [-1004.4673, -1004.1332, -1004.5775, -1005.0398, -1004.5548,
          -1005.3197, -1005.5651, -1006.1542, -1006.0042, -1006.3964,
          -1006.5620, -1005.8041],
         [ 1753.9769,  1754.9962,  1757.1473,  1760.3142,  1762.5002,
           1765.0970,  1768.0902,  1770.6974,  1774.0742,  1775.7714,
           1777.2432,  1777.2432],
         [  706.6873,   706.7970,   706.4107,   704.0743,   703.4434,
            702.4977,   701.6522,   700.1312,   696.9823,   694.0484,
            694.0484,   694.0484],
         [ -946.0746,  -947.7884,  -949.1252,  -949.2667,  -950.5130,
           -949.8500,  -952.1627,  -951.8557,  -952.3475,  -952.8971,
           -952.9913,  -952.3963]]], device='cuda:0')